7145
010111001111111101001010110110010000010011000110101111010011011101001100010010110010010101000001110010101010011000100100000010101011100100111100011010011000100000110100111010110011010110100111001101001101110100011111000101101100000000110110010101110100101000111001000111001110011010110000001111111010010101110000100011000111111000111100001001111101111010110001101111101101010100100110011001101101111000000001100010101001000100011011101000111110000101010111111100110011011101101001001111011110011111001100110101100001101010000111001001001011101110010000101
11000000000011001111101010010011110111001000101001010110000000101010011100010111100000000100000011000111101000010000101000000101110010001011010000010101101011011100111000000011011010011111100001110101101000111111001110001001000000010100000101110110111111010011101001010111110111101000110000110100001101001010000100100111011011010011101101011011011110110111010000100011101110001100011110111100111000101110011001100001101001000101111001010100011111111100111000110101010111000010100100010100011111001110111101010001001001110001010100101110000110111111
10110001111010111110100010110000100100011110010000110111010001100010111100000000000011101100001110101000000001011111011101111100111001110101101001110011100011010011010011001101001000010111001011010001010110111110000011111100010101001100000110010000011011110011110010000111100101101100101110100111000010000101001011010100000111001000111001001111110000100010111011010100101011010110100000010001001100101000001011100001110011000100001011100101110100111001000101010101101111000010011100011010100110111001111110100111000101010100010000111110111110010101100010000011
1011000111101011111010001011000011101100010001000100101111000011011001101111011100110100111010000100100001000110010000000110010000110111111010101101111101010100100000000000010101111111101101100010100110000100000101101001000111100110011000100101010001110100100010011100100011000101010110111011000111001101010110100110101111100010001010111001110000100010111100000110010011101000001010111010111011011010101010101110111001011010110001100110110000101111000111110011011100000111000011011100111000101000000101000010011110111110010010010001010001000010001001111
0000010011011100100110101100011010001111100111110100110110101010100101110100011011111011101101111011100010110100100111000111101110111011110100000110000001100011011000110000101110101010010010001010110111001100111111100100000000000111010100011100010011001100111111010100011110011100011001101101011110111100001011110000011010100110000001001001010101001110001111100011011111101100111111101111010101010111101010111101001000111010111110001110000101111000001011111111010001110110010110011110001111000100110001110011101000111001000111101100110000100101
1101111110001110010100000100101001011100001000100001010101110011001111000111011011100100010001100011111100000010010010111101000010111011011011111101111010100001010101110110111111100101111110010101011101011110000110000001100110010100101100100010011000110010111001001000000010100110111010011000101001011011000000001011111101100101001001100000011111011110110110011111000001110100001001101001111110011111100010111111001010001101001111001001000101101100001011110011001000010110000101011010010011111111010010001100110111011110000100110000101100011100110101011
11001111101010111010101011011011001110001101110011000000111011101011111100100000000100111010000110110111001011010000000100000000100111011011000001110011100001111111000100111011100011100001110011000111001001100101111101011100001001010110011011111000110111110011101001110111100011110000000011010000101100111001111011111011001101001000111010010011111101100011001100111101110010010110011010011000110111011011000011110110011100010110101010100100001001110000110111100100010011010000011000110010111011001011111001011001011110011011010111111001011101
0010001010110110101001011011100000000101111101111100011000101001101010111110100101110110110000110000011001000001010101010001000001100111001001101000101100101110111010011011111110101110001000111100001011011101100000111001001001110100010010000110011101000000101111100110101110000100111100000111010100110100111110010001101100010100001111100011100011110001001111100011110110001110110100010111100110100110000110000101010100000101111001011010001111001100011111111001010010001111011011100101011100001010111110011100010011011100110010001100100101000001001010000001101
1011000000001101001100010001101011110110110010011111110111110001101000111001101011000110100111111101101011111110101010010001010111011101100101110101110100011101100110011100001010111010001000101111000101101110010100010100111111001100110010001001000100010011111110101111001110101100010101001110001011101111010110000110010000000010001110010010011000111011000011011001110101101110110110000000111000010000100000101000111110111111110010101110100110001010101011000101101001011010110001001001001011011001100111001010100010011100000100001110011110111010101011011
1100111101111111001001111010000111110011100101000101111101111000101101101100001110101010110011100001110001101101100110110011001000100101111101100110100011011001100000000011111111111000001001000101001011010100111110110000011101000010111100101001110110001110110011000101001100001011001110111001100001000001101011110011101010001001000011100011011101001111110101110000100100000001111110111100111101110010001100011111100111011001010011011000010011011101001110010100110110010111111010111001100000111011001011100001011011100101110010001001000000101001001
110000000000110101010111001011110011010111100100001101011100101100101100111101011101010011010010000010110101110011111001000101100010111101011010111011100001100010011100111100100011010100111111011010101011111000010100000011011110101010010001010000011101101000011001101011010111010010111000011110110001000011001110100000011111110011100011101110010101101000100101110011100111111101001101110011101111100011000110011111000001001010001011011110000100011100111000100100100000111010111111011110010100100010101110100101000011000100001101100101000000101010000000101111111001111
1101011101001001001001110100010000000101110110111000111110011101000110000100101010101110001101000111011000001010111011011000100011010001000000010011010010000111001001110111101101000100011100010011001101011010010100011111011100110110110111101111000000001011010111110001010110111001001010101000010010000001110111000001010000010110000011110111011101010101010110111011100101000111000100101100111000001000110011111111000111100001111001111010011111011111000111010000000000011101001111001011110110101110111001001001111001101110010000111110100101111111010000010011001101011
1100111101100100011100100010011010110000001101011100111011110010010101011110100100011101111101101101001100111111111110010110000001111110101111101110100001100110000011000011101100100110010000000100110011111111101011000000110100101111010001011010011011100011000000000101011100000110110011111110010101101000101001111110001101110101110000011111010000100100110111100001100001011000100100000001100111100000110010110110010010010111000101100100000000001111001110101010010100101101110011011011011001011110101100001101110101011100101000000110101010101011111000101111111101
1101010010010111011100110111100001100000100101101111100011001000000011000101001111100010000001100000110110000001010111000100010010000110111111111000101111101001101100101001010110101010100001010111100000010010111011001111101100111010000011011100111000001100100001111101110001100111010001001000000000110010001000011111111110101101100110001101011100010111100110010010101110111001010000000001100110101100110100000010110010000001110101110101101101111011100100011010000111010000011011001011111000011111001111010000000100110001100010010011110000110000110000000100100011111010110001
11010111010000000000101010110001100100101010001110001111110111111010010111110001010110100110100110011111111111110010101010011011111001111101011011110101000011101100100111101101000110101100001111010010011100010111011010101010011110010010100001011100010001100011110101100011111000001000101110000011010000100011010100010101100000001100100000000011001101100001110100001001010111001100011011101011001001010001111001100001011001001010100001100010011111111011100110011011101011000001010010011000101000001001101010011010000111101110101111001001101011001101001111010111
10111100111000101010000000110101011000100101000010010100100101011000000001100011110000100111100101001010111000110000010011010111010010011100000001000100001011101111010001111100110110101101100001111010110101011010110110000110111001000001111101010101011100010001100001101000111101110100111111110101111110000110000010010001010011001100011011100010001100101100100101100100001000001111111100010010110011111011000010001000000100110010011010011101110101110111110110110010000101111010101110000111011111011010010011100101000110000000000101011
111001001011000101110100010110000100001101011001111010010010111010001010011000011110100011100100001111100110111110100101111000111001001011110111011100111110010010100111100101110011111010011111111001000001000101100110101111110101111011010110011100001101111010011110010101011001110101001100110001100110111110110010110010110010100101101110100111111100101100010100001100011011010101010011011100111101110011111000010111110111100100100100101100000111010010110101111111010001000001001101001010101100000101011001001011111111010101100001110001110011100111
101110110000011001001011111100010000010100111110110001011010110100100001000001010100101010011110001001010010001001101000000110100111101001000101100101000100010100111111100001101001100100001101001001001000110100010110011010010111000101101100111101101110000011001111111101100100001101110001001000110111110101000001001001010011110000111101100010011100001011011101100100000100000100000010000011101110100000000011110111011111100011010001100101010101101000100111100101100001000000100000110010011111110100111111100001010110111001111100000100100010000001011000110100100111010001001
00110000011111100010111000001110000011111101100111111001101000111001010101001101110000000111101110011011011000010111101100100110011001001110100101100011001101101000000101111010110111000101111110010001100000111111001101111010011000100000011111111010011010000100000000110111000110101110011110001101100000101111011100111111000110100000110011101011110101110000111100001000101000111101111111010000001111000001001111111000010010010010011011010100100101100100001010010110101101011110011101110010101101100110011100111110011101000110011011101110101001100010000110011101101100110110111
101100100101010101101100101010011001111011101101000111010010010010101101101000110110010010100010001111011101100000001001101111110111011010010010111001001100000001101111011010001111111111110100010011100110111110111111011101011110010110100000101010110110010101101000101100111010111001111011111100011000011011001011110011101110111001001100001000100111100101100101110011010011000011000111010111000001100000101001011111101111100101101110000010100101001111000000110010110010110011000100100010001011111001010011110100001010100101100000010100100101001011111101
110111010001010000001010011101011001101111111000000100100110100101011001101001101001101100100111100010110001111101010100111010100100111101100011111011110010101010110000001001010111100001011001100011011110100111100111111110110101110010110010100111001001101111011001100111000001001101101010101000011101001100111000100010110000000000010000001111111010111000101110001011100011100100101000110111101000111000000011101101000111011000100011001010001111110101111010111100010100110001010011000010100111000001111001111100010111001011111011001111001101011111100101001111010111011111101010011110000101101011
1100111111010101110111101111110000110011111010010000110100100001100100111110101111111101000001011100000000100111001000101011011111000100011111011001101100011011001101010101000111110111000100100101101000100011010001011011011110100001000111001100111011010010100100000001010111011010110010111011111011011001110000010111111011000010000111001001101010111000010001011000010001010101111001100000111100101110010100100100011001111001000001100100000000000001100001111010010001011110100111001111000001110101000010110111011110011100100100110111010001110111010111010011011110111001011110101011011000111010011111101
01000011001010010110110100100001110010101100010100110000111100111001110000000110110100111100110001010100000010010011111010000111100011100001100000001010100111001010001111101101101000100100001000101001110000101110001100000101101101111101000100011110110110111001010111000000100110111000100001100100001011011011101000100001011111011101100011000101111110001000010001111011011111010100101000001010001010101111000001111000001110111000011000110001001000100101001110101011010001011100010101101000000101100010001100011101010000011000110011011100000010110011101011000010011010100110010111110110100011110001
1000110100001101010111001000100111000111100110101100000101000010000110100001111110001001100010011110111001011101000010011011101101010111000111100101100100101011011001101110001010100011001010110110111010111000111110110001100101110101010111100011111101101010010001000101000011101010000001011011110000000010000000001000111000011011001101110101000101001011100101111111010100111000011000111000111001001010001101000001100111101010011100110001101111101111001011001010011101101100111011100111011001000000100000010010011011101000111110001101001110110110010111000010011110010111100001110111110111
01000110000011110001000100011110111000111000010000001000001011110100011001100001101001000010110110001000100101000111011100101100000011110100000010111101000011000011101111110111000111000000101111111010000110100110101111000110110001001100101000101110010011010101011110010111001000110111010101011110111010011100010001101011010111110101100001110010011100000101001111011110110011101110100000111100011011001011000011010010101001101101000010110000011100000011000111011111100101111011100011100001100000010100101011110100001100101101100100001011101101100011100100110110100001101111010100011010111
11111101011000000010001001010111100110001101011111000011111011101110010010110011000001001101110110001001111111011100100100110110010010100100111001011110100111010010110111110110000111110011001010001001101100001110100011001000010101010001100010010101101001111110000001000100000101001110001111000110010010111101101000101100110000000100101101110100100000001010111101001101000101101100100011111010110101101101010001111011011111100100100000111101000101110001011111011000100001100001010100011100000100110111101101111010011100110000100000110011101011111011100000111101110110011010001001110101010110110101111001010101110101111111
101111010000011100011000000011010010100010110011000010111001101000111110010100111110010000011100110100101111110010011100001000001010011100000010001011100100010111111011000000000111100101111110111101101010101100001010100010010000011000000000010011011101101010101001000101010000101111101101110010000001010001000110000010111001001100101100111100101001110101111101010111001001011011011011000011010100010001000000100111100000011010010001000111101011010000101111010101100101011100011111100001010101111111001101001001010110011111110101100011111111011110111101010010010111000001001101111101111
11011111001110110000010011101011001101000001110101001101110110011101001011001011101001110111010111000000101110010110011101110110010000111000001111010000111011100101010010100011100010110111111110001010001010101110100000011011010110010011001111101111011000100000111110010011001000000011100111101011110110110010110001000110010000011001000011000110010110010110000111010110100110010001110110101111001110010000100110111100101000011111111111011110101110000110000011111011010010000001001011000011001001010100011100000111101101111011011000100101101001000000000100011110101011110011
110001111000011000011111101011000100000010000101101011010000010101111111111010110100111111100011010101000000110011000000101010001111110111111111111101011110010101111000110101101000110110111100100011010100010010111001111111001001111110100110000010001110011111111110101101010110100001101010001111011111110100010111101101110010111000101010010111111011100111000000110111101011010110111000101000101110110100111100101101100000111100101100101110001101001110000100001100101011000110011100111011100010110010011000000111110010010100110001110001001011111101101011
101100100101101110011100000110101101011100101101110010100110000100001000100010111110101000100111000000000011000010100000010100101101110110111100011010100110011001101010000111101100000001011111101110011101101100100110011111000101100110011110101011111010000001101001110111010000001111110011000100011000000101111000110110010101100111010111100000010111001011100110011110100010000101010110100001101111011101000000111000101100000001110110101001110101010000010000001100011101010001010101010001110110110110000010011001100100000111111111010110111010101011
1011101100000110010010101001110100100101010110000110111100011110000110000011100101011000101100111110101001100111011101110111001010100101100101110000011101101111010110011100101010001110001111010111100101101101110111101111100001001001100101011110011000011011111110110100100101001101101100110101110010000000000011011110110000111010100110111011110011001011010100010111000010000101101000010110001111000100110111001010010011001010000100010000000011011110110001001110101110110010000110111100011101001001000110010001110110110001000111101111001001110101110100001
1011001000111000000011010110001010110111110001000100000111111000000111100011110111011000010011010101010000011010101001111111111010110111100001000011110110001110000011011100111010101100111010111000011000000000110101110011101000101111000100000100001000000111100101010101101110110011110101101111010100101001101110011010000101100100000011111110011010101010101111111111011001010001010010110000010011001010110001100010001011011000010100100011000000010001101100001000110101110010011110100111100111101111010010101001000010001101010000100010111010001001110101100111011100011011
1101111100111011111000000101001100000111100101101010110000101001001011101001010111100011100010000001010110100100100001110000011010100010010100000010100000110000111100100101001101111000011011101010011011101001111101011001000111001100011001110111111000111010000111111001000111000100001010101111100100100101101100001111100010101101000010100111111001000101110101100000111110100100000100011111101101111101111101010001001010111101000110000111001111001100001010101100101100001001100011110000101100001110100000000111101101011011110101011001001111011110100011011010100010001010000011101001010101100100101111
1101011101001001001001110100001111110001110000001101100111111011101111011001011001010001101110000011110011110110111010111111001110100101011101100001111110101111000001001001011000001110101100010110000010011100000101110111110001010111001110011000100000101011111111110110111111111001000111001100011001100111010100001101001111010000110010001101100011010100010001000000100011001001100000010010000110100100111000100101011001011101100100101100110100101100111111110100100000111001001011111000010110011011111101011100001001011110000110101110111001000011101111110110101110111000011100001111101010110111100110000010111001
000110101011011110100110111010011110101100110110000110100001101001000000101101101001101100011100000111100110110111000010001110011110110111101000001010100011001111100010111100010010110110011111100100111111000101010001001110100001101000101101101100010110000110100010111111101111011101011100010000010111111011001001111111000010010000000001111101101010110000000010011011110011100110101000111101010111111011101101010111111000001001010001100011111110101110011111100101100001000111011111001111001100000011011011011110111100101101001011010010110000111001001111010110100111001110000110001011101000111001001
101100100100011101100110010011011111001101100110100000110110001101011010111111010011010101111110000100001001101001001100000111000001010111010101001100111100010010000001101001011010111010110010011100000100011011001100111010101111100110101110111111000100011010101000000000001001101011101101000011111100110001111111101011111100011010010001010111001100011111001011110100101000110110011101000011110001000001010001011101000111101001100101001101000100001011100011100010101111000001001100111011111101110111101000101111101000100110011100010101010100010111100111100001110000000011110110010001
00000100000100001011011010111010111000110100011001011100011101011100111111011001111001111011011111111011010100001010110010001000110001010111000000011000111000011101001001001010101011000010110001010111101001111010101010000100100010111001010110100011111011100000011111001011100000000110111111010110000110101000110111100000011010001011110110110000001010111011001111010001001101110111011001010110100111101010010011111110111011011110100110001100110001011111111110001111010001110001100101001001011100110100010010110111100100000000100111100000101001010111001000011011100000100011110110101110000111110101011001111010010111000101111
0010111000000110010110110101000001011000011010010101101111001110110000001000000111111100111101101100111001011101100101011111101100101000011001000111110000101101000110101100011100011000110111001000011010010000010110001101011001111000001010101101001010010110100101000110000110011101111110101010010001100101010000010101001010001011010100110110101000011101011010001011000111011101111100101110000111101101110011111101100011011101001110111101101000001000100110111010101110000110001101111011101010000100101111011011101010010011100110001110011110100101111000111101110011101110101000000101100000010011101011000111
1100011110010101001001000010010111111000000000000110001010100000101110111110010100101111010110110001010100111011110111110101110110100111011101101110000110010111000000001110100110000111100000111100010001000001001011001011000001011000110111101100010011001110001101010001100000101100000100001011011010011010001000101101011000001110101001010101011101010101110111010000011010010111111000101011011001111100011101001111001100110111011001110111011010110100111011110100000001100000001010001110001100010010000010101111111101000110111010000101111111001000111100101000000001100101111100001011001111111
010010000000100111010001010000001110000001011001011010100110000000101111000000101100110101100111101011000110000001111101010010110100000000100001010100101011010100100101111111101100001010111100111100011001111000110001010101001000100111110110011100001110101011011100011010001010111011101111010111111110000101110100100010011100101001110000010001001011001000110110110000001010100110110101100000000110101101100100000101101010111011110010110101111001111000000100010010011111001101001001000000010111010110110001000011111100010000100000000101101011111111000111000001101011100110001111010110101110111110110111100101100000010111111
0000001111011111001010010111001100100000001111111001111111101001100010101111011011011101100100100000011110010001110000101011100010011100000110001111101001001001010000001010111111000101011111000100101101101101100001001010001110111110100001100110101001111110110011011011101011111011010100011101000000000001000101111101010011101100010010001000000000000001000100011110110111001001001010011110100010110011010111110011111000100001000101010101011110011001000111000111110100100011101100111110100100011000111010000000111101111000011001100101100111110011101001010101011110010000110110101100010100111100101101110110011
0011000001111000101111000001000100010010100001000010101011101110001001000001110000110110010001001111011100100110011111100110111111011001010100000100111011000100011000011011110110110001101001111101101011001111111101001000011101011000101111011100111011010111110100010000101110111000111111100101001011111001011000010010001001000010011010100001011110111101111000001101110010100011100010110000001011011001111001101001001001111001100101011001111001101101100001110001011101011100111001110000100010101111011000111001001111010001000001001011000111100110001001100011011001111011110110000100001010101110100111101001
11000111101101111110001010011011010001101110101110011101100000011100010100000110110000100100101100011101001010001001000111111001101001000001110000100010101000101001000111100101110011011010000010010011011101001100011100001101111100101000100100111100011001110110110011011101010111011111000010001110110110011101010001100110101010001100101100101100010111010001100101110100000010101101000110101011100111000111110011010111111001101101001000101001000000111010001010100010000000010111001111010010011111111100101011000101111001101110110000001101111111010000100100001001100010111001101111111001011111011100100001110110101100111
00110101110111000010010001010111110011111011101000111001001001110110001000000010110011110000011100111001010001000111100000000100001110101001010100110100100111001000011011101100000100110001111011011111100000100010111101111101101001111001101101111100111110111111010101111001011011110011101101000011000010000101001010000001110110100000001011010010001100000111110111110110001000100010001001111101010000111101011101000101100000101101011111111011110101100100100000011000101011000001001001111111110010101100001000000000011010001110101101111100001010100101000011101000100110001010100010100110111110001
00000011110111100011110000100110100110111110010001010100010001011000101111010010001100100000000010110111101001111001101001101000000001100110000001010001001110011111010001110001100101111100001010001010000011110100010100101101100001010001001101011001001110110000011010011100011101100101110010011010101100111110110111110010011101000101110110000011011101010101000001011000010000100011111111101111000010101111111111011111101100110010100010010001111100000010100111000011010001000000110101010011000100001111100101110101010100110101110001011011101010100111101110010000111010110100110111111001101101011000011101
01101000010001111000011100101110010010010100011100111111011011100011110001111110011000010111100110110010001110000111011011001000000101000100101011000101100011101001100110111101100100001001111110000010100001100101010001010001100111101010010011011010011100111010101001000010001100010100000111010010001100111111101010101100011101011010111100010001111010001110111000000100100001000001100111110010001010011111101011101001010101101110101111101110011011101101100111000111011001100011101000010101110101001100101011010011011010000011000111111011011010010000011110110001001111111111110010000101011010001111010001110100111
00000100111010101110001100111110110011100111100110011110110010000110111010110110000110101010111100110000011110001001111100001110110010110010101110110001100010000010101001111111101100101000000100100101110011010000110111011110011100011001010000011111101011111011110100101001111010010000011000011100001001001111100010000111110011101110010111110001001101000111011111000011100111101011011101000010110011110110101100100111101001101101001101000011100010111111001100111011100001010000111000000111010001110111000011100011000010101001010110001001001100001000110000010111001010000100111111101
000010100100001000111010000010101011000110011111101010110100010011001011111001101001000010001110100111101101000000100010011011011111100010110010011110000010010111000000110001101010101111100011000100100110010001011011101100101110110111100000110110100011010011010100110110100110110011101100111001001110100001000100010101000111010011010110001101111111011110010101010001110100011101011011111010000111001000110111111001000011101110011100110111001010001000111010110111000110001111100001011010000011110011111010100101100001011011100110111110111010101100011000010010101000010001011111000000001
11010111110000001100000111110001011000101111101011100001001001010101010110001100101110001001110100011100111010000011011111010011101110110010100001011001000011011110001101110101011011111111111000101011010110010010110110111010000010111011101111111110111100111101110111101000101011010111011101101111100101100000101100001010001010010111110010100110000011101001110110100111011110001000110110011110010100011010111011000000111100011000110000000001001111100011111111001101001101010110101111000110111010110110100100000010011001011100011100010111101111101000111100101101010001001000001100000011100111101101000010110111011110111101101
111011111011000010100010100010011000000111100011110110101010010011111001101111001101111000001100001011000101010000110001010001110111000001011111101011111000101101100011010011000110100110000001010110100001111101010001100101001010010110111101110011110111111100001010000000111101000101001010001101000000111100000011110100100110110001111101010010101010110000110101011011001001000000010111011000001111010000001111000100000010000100111011000011000011111110010001100000101001110011111100000000100011111000100101011001011101000101111111011001001100111101010110110000100101111100110001
011001011011111011111001101111110011001001001110110110010111001011010100111010000011001001011010111000101010100110010111100111010100010110111111001101010000101100010000101101100111101000100100001100100001100111010000100000110100000111110100010001110110001111000100101110000111100101011110111011001110011010011011100111010010101010000001001100111011110100110111010100000111011011011100110001011100111100011111011000100110101010111011111000010001011011000101101101000000010000010101110110100111110011001000011000110011000011110110011101101001010000101110100011001001111000110111
00000101001000101110100011111100110101100100010101100001100101101011000001001001000000011111011011111101111011111000110011110000100001001010001101011101110011110011000001011010001000111111011101100101101111000011001101100011010111011011011111010101011101101001000010000110111000100111010010011001101001000010111100100110101001100110011100011110101101001011111000011110100001111011110101101010000001011100100001001111001001110100001001001100011001111100111100001000001011011000011100000001111110100001100011011011010011110100000110011010000011011100100010110000110100001
110100101000000010010010010110011011110101001000010111011100111011011000111011011010111101111111111010001001011100101111010101011011111101101110101001010010001111000010110000000001000001011010101110110101010101001111111000100010101110010011101100001001100010111101110000100010011011100100101000011110101001111001011011000100111100110011011111010010011110110010001110100001111000010001011101000001101000011001101101001001110100000100011101010001001001101011001101111100011001011101111000110101001001010001100110101110011010011001110110011101110111111100011
10111111100101011000000000010010011101111010011000001011111001111111011011100101011000000001110101110101111100100100000001011100001000001001000110010111111010011100001011101000011011111001001001101111101000001101110110011001011001101011000001101011000010010011011010011101110101010010000001000110110001001101001100100001101011001101101100111100000010101001101000010101011110001011110111001000011010011000110100001111000111101000001100110101011100101100001010101001011010011100000110011101110001010110111111110111111000001111100110111111111010000110111100001
10111010000101011011010001111111100110110110101011101100001001111001011101111010011101101010001110000101000101001100110101001000111101001101001101000011110011010001101101111101011111111101100001101100111101100001000011110110011000111000111110111011100011101111111101000010000011111001100011101110100100101010011100110011000101010000100011000001011011011100010000001110000101100011010110101000000110001000011110100010000111101011110010011011011001101110110110111110110000100010111101111111111000000001000111000111011100010110100110011011011101101010111101011100101000011100111100011
101111001111000110100101011101001001101111010010101111000010110001000100101101101100000111100100100110010011000010010000101001100100001111011101001000110111111000011110101010101011110010111110010001010111000000111110001111101100010100110111111100010100110100110011110010010101111000000111011111110111100100110001100110110010111010100100101010110111100100001011100110010011101100111110011110000101010010010010100110010110100001110111010100001100100000101101111100000100101110101010111010011000111010011111011101011011001100111100000110011010001101100100111011111100010011101100101001101111010111010101
11100100011110110100001011000010000101010001110011101110001010111011110000101100110110110111101101101011100111001110001000100101110001101101011001110101011100011110000000010011101001100011100010100100101000000010100011101010000111110011100000111001100010111111010011011000011100100100010011001000101111000000100111110001110011010010010110101001010010000110101111010010100000011000100011101010001011000011111011111101101011001110011101101000000011101111000000001011010110111110110000111111000101111101011010111010101001001000011110111100100010010011011011010010101101111000100011110100110001
110110100010001011111111000001110100101001011000010110011110110101101011111010111101101101101000010110000000110000101100011100101000111101111001001100001100111111101011000100000111110010100100011111000101110000010110111000011010011101111011110001011010100001001000011100100101111011011001101010111100110001110011101110000100100011010001011001000001000101011110001101010110011000110011010000101011001101011110101010010101001101001000010100000000011100101011101011011010101100000111110001111111010001101000101001111111011010010011000101100001111101000000011011111110110110101100111001
1110010011111000100111000000001110110110111111111010000000110000101000001111100111101011100011100001001100111011010000001000100101111111110001010000001001011111001010000001101010001111000011111111100111001110100110111101001101010010000100000101101011110101110110101001110010101010111111011011100011000101100001111111101100100011100010011111101100010111100010011010110110100111010110111011001111111101110010110110110100111001011000001000110110000100011010110101010100010110001111100010101101010000010100010011011111010011100000110111101011100000000000011111000010010001001100111101110010101
110001001000000100001001110110000101101111001011010100000111000100111110001100110110100011111111000000101010111010110101001110011000011110110110101111100100000000001011111010001110011111111101110100110101100010101111111011101110100111111011011100110010000010000011011101011000001011010001101010000100111110000111011010110110101011111111000011100110101110110100111100010001111100110010011001010000001000010101011010101110110110111010111011110110110110111111000010011001100110110111100000011101011010101011010001100101101100011110111111011000111100101001100010000000011101111
11010100100000010101010101001100110000101110010111101010011011110011011011001110101101001100111001100000101110010010111110001000001111111100111100110000101011111100000011111100101001001100100111001101010000111111101110110010110101001000000011000110101000000110010010101001100110011111101110011011011010101011101111110001100001110000110101110000011101010110010111101011101101111010000000101000111001110110010010110011011100000101000010101000000010111100010101000001011101010101011010101011101101010010100010101010111100110111111001111100111110001001011101111110011011101000001110111110100001
11110001101001010110010111100111000011011010110110011001000110111101001000011000110010001001110101011111001011010101010111011100101010100110100110000000011000001001111011010001110011001010100100111111001110101110100011100110000010111111111101011111100111000111110010010000110010000011011100111111111010111001011001001101111001110000011010110101000001111101110010010101100110001101101001101001010011100111011100010111010110011100011010101111010100001100000110010111001100110010001101000110100000010101111111000001010001000101011111000000101001001000001000010111001101010110110000101000010110111010011
101100100011100101000000101111110111000000111010110111000000000110111101011000111000000011011000111101011011011111000000111010111000001010100011000001111101011111010011010101110010111111110101111101101101101110011000101110001000100001100000111000100011101001101101001001110110111011101100001000010111010000111000110001100110000101111000011010110110000011110101100000110111111101101011011000011110111011101010101000001110001000010000110100111000010111001111101101011000111000101011111101111110011001110110110101011111010001101111011101001010001001111110001110111000101101010010010011111101001001101110111
1110010010111001010101101100001101000011000010110101100111100101010100001100011010110000000001011110011101110101011001100001110010000010001110101010100101000110000111100000010010000101100100110001001100100100000110110100000001110011000011001100100011101101010001110100001010110100000110100000001110110100101000111101011101011010011110011010110111000100011010000011100001011011100111111010100101000011111111000100111000010101100000010011101111101100010011111101111111111010111110000111010110100110010011101111100010001110100000010110110111001000100000010010010101001000010011000111
11100100101110010101011011010100101001100010010011100111100000111001001010000100111000101000011010000011111000101110010110010110110010100100000011001100011000001100110001100001100101101111001110001011010011100010111010000111000110100100011111110001001100101111100101000000001101100000110001010111001011011101001110001111011110110110101111101010000100110101001001011010100000011001101110001010010011110011111101001101101011000000110011000011111001101000111011110010100010001001110001100100001001101000011100110101100101111101010101001011000011101101000111101101100000110110110110110111
1101011101000000000101101111100011110000010111110110100110111011100111010001100001010001011010010010111111111110000100011110110110000111111111111110111010111011011101111100001010000101100011000111111100010111011001111110111111011100011001111110001011100011011000101011101101100100110010100000111001000010100110101110110000011010000110011110110001001111000100110110100000011010100001111001100000001101101000011101101001110110101111111010101100100001000111000100010001111011011111111100011100100001111000101010111101001011010001011111000001111011101000100010001011000101100110011101100010011001100011011000101
111001010000000011001110111001010011000000111100010111100000010100110010111101110100111111111100001100011110000010111101001000010101110000011100101001010010010111001000110010100111010011110010100111011110000111000010100110011001111101111111101011110000100111101111010100110000111110011111011101110101011101011101001000111110011100111011010101001010001110110011101000101010001000001110110011011110001111101100101110101110111000110101001111011011100100111001001000111110001111100100000001001001110011101111111001111100000011110001101011101100111010110101110010011001011001011011
1000010000100011000101011000111001110000000101110100110101111001101000100101101011110010110001101001001000000100101100101110001000100100110010000011110110011010010010111110111010010111100111100001010011000001001001111111011101001001111111100111000111101001001100001011010110010111110010001011010110010111101010000100100000111001001011000010011111111011011101000100111100000100000000011110101100101111100111110010100111100110001100000010111101111000011011101000101000101000000101110000100111001110010011000111101111010010111111101101000100000100010011010010001000010000110001010010010111000110111111000110111
10001110011001010011000101100001011001011001101000111111111111110111110100111001011001011010111001000001110001100111000110001100100010100111100101111100111101010000000000000101011010100100000000100011101010010000001000011110100101010000100010000001010100110000010011101010000001110000000011100001100000010011111100010100110001000001111101001111100000101111001111101001111101001101001010000110000001110011011101110100011000100101010000011011000010011101000110100100001000001010101100001000101011000111001010010111101011110000111110100011100101011111010110001001001001100010101101111010000111110111111
101110011111100110010010111001111111101111111011111101001110001100000111110001001111001011111011010101100101000010110111011001100001000000011011101100000100101000111100000010000111110010010001011001101000001011101000000100101011010011111100100001000000001000110000110001001101110100001100010010111100000001110000011011101000111010110100011001111110001100100010001110010111000000110000011101110110000110000001010000001101111101010101101101000010101101001101000111000110000111110001100101001100011110001111110001110111101111111111010001000001001101100101100011101011110100110001111011000111001
1011001001100010101100100110111011011010001010101101000000101101011011111110110100011110111100100111011000010000000000100100001001110101011010010101010010111110000011001011101000000101001101000000001001001001101010010111011110110100001010011110100010010110100101110000000110010110010111101100110100110011110011110011100110111100001011000110110011100110010010110011101000111111010100010011100001010001101111111101001011011111100100001101011000011100011000000100100111011101001100101001111111111000101110101001100011111010101101011001100010001011010010011010100101010010011011101111
1100111101001000100100011100110011011010010101100011010000001011000000010111110001101001010001100111011100110110111011011111101011000001010100100011001100101110011110111000011101011110111100101011100001110011000010101001011110011010011111101111011000010100111001011101